81
569
681
2245
2904
3033
3493
5211
9097
11017
12497
14412
15720
18456
19593
20127
21530
23311
26272
26304
27284
28067
28624
31326
31536
32172
32460
32919
33002
33333
34945
35021
35217
35325
35568
36029
36159
37525
39021
40743
41805
43324
44599
44878
47641
48829
51528
53144
53959
54081
55805
56552
56856
57522
58025
58109
59426
59479
60028
60049
60910
62949
65818
66249
66342
66601
67917
68977
72641
73850
73940
76376
77375
77888
79296
79444
80154
80308
80928
80967
82195
85273
86990
87764
89159
89172
89368
89412
89438
90032
90428
92622
95060
95820
97467
97487
100237
100545
101360
101839
102747
102829
103348
104339
107205
107722
108117
108581
109485
110197
110294
110699
110991
112297
114613
116466
117276
118606
120709
121308
122573
122846
124030
125849
126087
126505
127828
127955
132002
132133
133069
133589
134047
138377
138722
139932
140528
140795
141723
142618
144500
145550
146081
148365
149314
151432
152040
152274
152433
152959
153275
154259
158660
160269
160358
160379
165193
166342
167637
170337
171087
171692
172261
173109
174067
174232
175011
176229
178224
178736
179497
180540
186593
187190
187516
189435
191309
192379
193512
195746
196431
197314
198987
199181
199759
202254
202362
202900
204346
204916
205057
206725
207672
208324
209188
209441
209933
210012
210498
211388
213258
214677
215350
217462
218004
218189
218593
219756
220853
222842
223205
226057
226340
228023
228398
228444
228458
228794
228804
229320
229904
230297
231011
233367
235128
235189
235379
238046
238283
238335
241081
241873
241888
243555
245196
245830
245975
247255
247643
247686
248626
250262
250573
250774
251746
252715
252996
253414
254586
255763
256190
258270
259470
260289
260756
261796
262009
262754
266748
266761
267605
268139
268980
271232
272379
272813
273303
274570
275569
275856
276121
276965
277217
277685
278050
278611
279207
280524
281936
282134
288819
289383
289672
290071
290596
292122
294892
295499
297278
297539
298285
298490
299708
299904
300606
300925
301039
302647
304789
305000
305153
305624
306640
306710
307398
308542
308902
311131
311574
311705
311776
313563
313750
316437
318776
319301
319529
319847
321648
321801
322197
322227
322404
322532
323875
324176
324914
325578
326717
327684
327814
328205
332231
332871
333378
334471
335821
335928
336327
336503
338082
340713
343768
344043
344234
344818
346228
346491
346619
348094
348142
349250
349614
352298
353895
354340
355115
356620
356728
359211
359231
359415
360099
363368
363827
365084
366143
367770
367818
368690
369633
370163
370347
370888
371155
372231
372260
372555
372661
373743
376348
376882
377017
377373
378130
379107
380595
381494
383303
383426
384172
385644
387090
387677
387981
388027
388464
388777
390179
390358
390868
391521
392292
392735
392754
393584
393740
395528
399134
400346
400657
401255
401947
402336
405989
406219
407971
408282
409117
409503
411898
412924
413173
413784
414639
415775
416931
416949
418418
418627
418657
419379
419805
420925
421244
421993
422090
423428
423943
425661
426808
426815
429689
430639
433452
433483
433518
433890
436840
436873
439214
441500
442062
443181
443376
445884
448036
448566
449122
449291
450907
451659
452551
453195
453826
454154
455306
455736
456682
457753
460008
462951
465782
466127
466996
467587
468858
469786
469841
469911
470124
473059
473416
473730
473788
474762
475776
477084
478042
478179
480570
484421
485054
486715
487131
487770
489114
490000
490027
491298
493451
495343
495367
495425
495994
497281
498338
498976
499336
501962
502215
502651
502954
503465
504234
504292
504794
505236
505363
506582
508860
512183
513926
513929
513970
514500
515334
515434
515797
516127
516649
517445
517567
517721
518149
518157
518808
518944
519125
519218
519934
520059
522071
522325
522535
524566
526309
528946
530019
530126
532036
532290
533149
533459
537764
538839
539036
539390
539848
539862
541312
543437
543921
544266
544918
544919
547084
548899
549676
549797
550253
550270
550551
552528
552805
553541
554010
554098
554603
558440
558955
560280
560997
561041
561886
563291
564285
565100
565421
565984
566413
569917
570492
571043
573317
573622
573793
575055
575198
575223
575321
575579
576335
576590
580952
582338
585795
586708
588711
588954
590181
590930
590964
591100
591171
591281
593093
593499
593614
594324
595368
596963
597488
598382
602422
602726
606042
608872
610537
612399
612902
613073
613202
613810
613996
614030
614769
616124
617505
617647
618996
620483
621269
621703
621729
622954
625210
626924
627321
630443
631233
631491
631626
633074
633417
634022
634225
634994
636226
636429
636915
639006
639529
641421
641892
645630
645729
647283
647625
648412
648518
648522
649157
651136
651434
651476
653516
653714
655340
657199
658390
660336
661237
661313
663950
664370
665123
666328
667372
668363
668850
669086
669179
670688
671338
673168
675105
679262
679292
679567
681095
684278
684930
686248
686763
687483
688209
689126
689685
689772
690360
690368
690613
692685
692777
695788
696532
696776
697697
697713
698571
698586
698927
700723
702305
702567
703135
703729
704567
705403
706887
707556
709016
709859
710097
710873
712350
713773
714904
717988
720090
720504
721120
721860
722604
722862
723058
723382
723506
723618
724286
725218
726312
726651
727088
730690
734713
735990
738097
739299
739668
740049
740084
740865
741222
742587
742698
744729
745691
745791
746139
747793
747796
748720
750846
752506
754116
754552
755199
755422
755590
755629
755936
756851
756970
757034
759355
759956
760235
760492
761152
763920
764524
765404
767057
767868
768825
770478
771559
772757
772890
776091
776787
777560
777856
781486
783898
784812
785147
785404
788355
789224
789528
790417
792350
794395
794427
794583
796157
796892
797369
798315
798898
799051
799631
801052
801961
803074
803526
804289
804310
805732
806355
806367
806403
806445
806732
806862
808933
810563
811127
811305
811783
811972
816539
819080
819582
821396
825171
826607
826621
828202
828993
829150
829204
830857
834481
836610
836836
844822
845894
849958
850543
854538
855542
858270
858699
858969
859999
862806
864819
867269
867621
870460
871137
872353
875640
876982
878206
880226
884850
885238
885386
886059
887343
887560
887982
888228
888574
889618
889744
890675
892921
893529
894018
894428
894977
895021
895151
895436
897490
897525
897763
898167
898506
898537
898814
899228
900973
901063
901474
902021
903177
903190
903682
903881
905385
905771
906996
907669
908235
908538
909211
909365
909610
910253
911340
911899
914653
915667
917955
918184
925433
925857
926652
927335
928577
930886
933681
935710
936784
936987
937457
937732
938701
939507
939811
942590
945053
945082
945486
947178
947386
947468
947739
949299
949908
952926
953865
955081
955939
956042
956429
958031
959708
960378
961393
961682
962504
962600
963858
963981
964443
964683
966189
966950
967637
967857
970072
973813
974580
975266
975407
979802
981776
982030
984857
987743
989683
990364
990415
990783
992393
993368
994984
996658
997301
999170
999754
999932
